5.5168263203
3.5649776595
9.0991810737
0.6031654121
3.8026428368
4.303666724
4.8862930856
7.5004464551
0.231447193
2.211606511
2.7560019598
3.5812037961
4.303666724
4.5036350769
4.5173239373
5.0616149014
5.4595086442
5.5120039196
5.6068897461
6.4306712396
6.7368936796
7.0063694268
0.4447923709
1.9324717086
2.3094368207
2.6589637293
3.0622243998
3.0622243998
3.1450896164
3.1847133758
3.2663726931
3.5361147823
3.8663336846
4.0355396525
4.438624914
4.0725234985
4.1539739684
4.3551635908
4.5933365997
4.6540696515
5.0526702597
5.790387956
6.1309990122
6.1639613725
6.8900048996
10.947452229
0.77675936
0.0979911808
0.4386814489
1.0317059529
1.0411562959
1.516530179
1.0669056535
1.4461679693
1.4764708912
1.4812620353
1.4812620353
1.5250024146
1.6761649346
1.7646227374
1.8373346399
1.8515775441
1.8699983668
1.9798395764
2.0769869842
2.895193978
2.895193978
2.1254093538
2.1435570799
2.1435570799
2.1435570799
2.3885350318
2.5110240078
2.5332947307
2.5477707006
2.5830213449
2.6152928058
2.6423386087
2.7560019598
2.8640234285
2.9091131798
2.9322169189
2.9785089126
3.0944583409
3.1847133758
3.2393778775
3.3602487587
3.3684468398
3.3777263077
3.4821467435
3.6189924725
3.6293029924
3.6396724295
3.8996490316
3.9662420382
3.9808917197
3.9808917197
4.342790967
4.0899572463
4.0946314832
4.0991360283
4.2819675641
4.3169250935
4.7770700637
4.7961200733
4.8995590397
4.8995590397
5.002167606
5.2488065526
5.5120039196
5.5120039196
5.5120039196
5.5947667413
5.6543213983
5.7091510244
5.7124903602
5.7379960804
5.8159123362
5.8593211459
6.050955414
6.1480953201
6.1893722851
6.6878980892
6.7368936796
6.8111173948
6.9695855033
7.1063852187
7.3493385595
9.0991810737
9.4928956394
10.070239923
10.411562959
0.1846210653
0.3249707526
0.3538570418
0.4697217368
0.5258194897
0.5514655196
0.8138109137
0.9080649137
1.0484653089
1.0881708573
1.1450654834
1.1927765452
1.1942675159
1.3132838663
1.3269639066
1.5824662737
1.5976822955
1.6003584803
1.6211776234
1.8312101911
1.9359959731
1.9617459539
2.0486460312
2.0489723207
2.0603506128
2.1435570799
2.2747952684
2.3109031298
2.3272905439
2.4250048311
2.4497795198
2.4497795198
2.5409947147
2.5477707006
2.5578012939
2.6028907398
2.6539278132
2.6724867489
2.7560019598
2.7573275981
2.7751399344
2.7895299642
2.8155619236
2.8478686918
2.8697417232
2.8810907366
2.8886289123
2.9869834832
2.9875359998
3.0330603579
3.0622243998
3.0622243998
3.0761436016
3.814027995
3.1222680155
3.1453959267
3.2148526191
3.2449772388
3.2663726931
3.2663726931
3.2729404666
3.2842356688
3.3406084361
3.3523298693
3.3684468398
3.4020677011
3.4551135681
3.5385704176
3.5433038299
3.5934706638
3.6059544142
3.6316906917
3.6419848008
3.6746692798
3.6746692798
3.6746692798
3.6746692798
3.6761120239
3.7467216186
3.7512557714
3.7913254474
3.7913254474
3.8277804998
3.8663336846
3.9291918273
3.9808917197
3.9808917197
3.9808917197
3.9808917197
3.9808917197
4.0385858026
4.0846023257
4.0904575469
4.1513954619
4.1904123366
4.2652411283
4.2871141597
4.2871141597
4.3342253043
4.3366309798
4.4134610562
4.4232130219
4.4541445815
4.5387839085
4.5933365997
4.5933365997
4.6301517859
4.6391494057
4.7321149715
4.7996566834
4.8285041294
4.8745612895
4.8995590397
4.9847687621
5.0074109682
5.397819281
5.0752404395
5.1445369917
5.1574305681
5.1644000689
5.1778245537
5.1995320421
5.3287526957
5.3524594551
5.3524594551
5.3588926997
5.4284887087
5.4639690271
5.4662019527
5.5120039196
5.5120039196
5.5120039196
5.5120039196
5.6079290213
5.7259401448
5.7526182403
5.7787137867
5.8182263596
5.9144676979
5.9319457524
5.9666761139
5.9713375796
6.1244487996
6.3796341663
6.3900397832
6.7691276206
6.9358549019
7.0035301578
7.1451902662
7.1962273395
7.2052338819
7.6331345891
7.7205172747
7.8392944635
7.9617834395
8.0748310745
8.1178968403
8.8875722115
10.133178923
18.373346399
21.231422505
0.22966683
0.2713280831
0.3990868892
0.4496065942
0.5047089344
0.5186829602
0.5188942364
0.6832657788
0.8165931733
0.8261253893
0.8685581934
0.9186673199
0.9829362271
1.0049056142
1.65296542
1.0191082803
1.0734988907
1.797822067
1.835569669
1.905384071
1.0944032219
1.3099078152
1.3504084986
1.3780009799
1.4421343589
1.5519415435
1.5611340077
1.5923566879
1.5923566879
1.6326281831
1.6331863466
1.7085372188
1.7095431108
1.7284740167
1.7498425142
1.8094962362
1.8366282444
1.8439200687
1.8761644785
1.8947028945
1.9183214687
1.9301293187
1.9833624226
1.9904458599
2.0029643873
2.0220402386
2.0445073524
2.0747318409
2.969429721
2.1055956204
2.1231422505
2.1435570799
2.1435570799
2.1435570799
2.1435570799
2.1710424111
2.1713954835
2.2442611037
2.2747952684
2.2747952684
2.3161551824
2.3306841224
2.3371184265
2.3451497613
2.3645203718
2.3700192564
2.3885350318
2.4497795198
2.4497795198
2.4880573248
2.5142474019
2.5275502983
2.5320159348
2.5477707006
2.5905504326
2.5971548023
2.6175726376
2.6305451893
2.6476239466
2.6628038259
2.7052941579
2.7513722469
2.7560019598
2.7560019598
2.7560019598
2.7560019598
2.7560019598
2.7874952961
2.8141797135
2.8152162438
2.8467855899
2.8562451801
2.8919077192
2.9013278635
2.9098903941
2.9433580183
2.9652824728
3.256353145
3.0399536769
3.467443374
3.574678279
3.0622243998
3.0622243998
3.0622243998
3.0622243998
3.0622243998
3.0622243998
3.0622243998
3.0622243998
3.768891569
3.821656051
3.954644082
3.970443185
3.1154804763
3.1376486461
3.1453959267
3.1551339946
3.1867050665
3.1890620968
3.2168821978
3.2218890183
3.2447410859
3.2449772388
3.2519960527
3.2570932252
3.2996835316
3.3273124822
3.3401218217
3.3587711521
3.3684468398
3.4011502072
3.4253853598
3.4450024498
3.4663546947
3.4805610664
3.5168613966
3.5486806187
3.5605491158
3.5840825773
3.6131270066
3.6396724295
3.6491507431
3.6746692798
3.6746692798
3.6746692798
3.6746692798
3.6746692798
3.6746692798
3.6938917385
3.7031550881
3.7637521714
3.7898089172
3.7913254474
3.7969757088
3.8191099776
3.8299033167
3.8602586373
3.9398515989
3.9612989641
3.9664307742
3.9667248453
3.9808917197
3.9808917197
3.9808917197
3.9808917197
3.9808917197
3.9808917197
3.9844492637
3.9933710041
4.0194110759
4.199622034
4.0280959694
4.0289830291
4.338846561
4.381355181
4.382633086
4.0483644608
4.491262453
4.644373673
4.644373673
4.679354139
4.0829658664
4.0880378737
4.1340029397
4.1340029397
4.1433700058
4.1467622081
4.1539739684
4.1704579921
4.1728931896
4.2150618209
4.2274956316
4.2356952629
4.2510879903
4.2564919157
4.2871141597
4.2871141597
4.3126326964
4.3498524157
4.3517822526
4.3526834293
4.4059192567
4.4096031357
4.4437861058
4.4437861058
4.4607615196
4.4637203412
4.4729120447
4.4785031847
4.5166060055
4.5512038668
4.5919123093
4.5933365997
4.5933365997
4.5933365997
4.5951776164
4.6044048807
4.6115951779
4.6273613153
4.6768518106
4.6848373288
4.6855553115
4.6960219688
4.7283954051
4.7464478197
4.7662377053
4.8407643312
4.8459421872
4.8995590397
4.8995590397
4.8995590397
4.8995590397
4.9628450106
5.103707333
5.178395733
5.294280548
5.0526702597
5.552042689
5.0685093514
5.0729947579
5.780867222
5.790387956
5.790387956
5.790387956
5.814414462
5.925048141
5.0955414013
5.1205753251
5.1297396657
5.1819065098
5.1995320421
5.2018911764
5.2057814797
5.2057814797
5.2057814797
5.2429236526
5.3078556263
5.3078556263
5.3189367445
5.3524594551
5.3588926997
5.3841308128
5.3928784853
5.4491293502
5.4507594317
5.4712763351
5.4797699786
5.4927119059
5.5120039196
5.5120039196
5.5120039196
5.5120039196
5.5120039196
5.5501228956
5.5732484076
5.6466549216
5.6533373535
5.6651151396
5.6714073816
5.7324840764
5.7406850551
5.7880389142
5.8182263596
5.8182263596
5.8182263596
5.8182263596
5.9151437143
5.9195415907
6.244536031
6.0445247428
6.572354453
6.0884226302
6.1132523667
6.1146496815
6.1244487996
6.1244487996
6.1244487996
6.1244487996
6.1396837469
6.2195911467
6.2278839349
6.2394384505
6.2520414829
6.2605476618
6.3517010742
6.3666586391
6.3694267516
6.3694267516
6.4306712396
6.4306712396
6.4313583505
6.4873790988
6.5357923757
6.5787506354
6.6625802841
6.6753817484
6.7368936796
6.7368936796
6.8243858053
6.8243858053
6.8243858053
6.8898338256
6.8900048996
6.9028270214
6.9665605096
6.9993700567
7.0337227932
7.0431161195
7.0431161195
7.0431161195
7.0431161195
7.0431161195
7.0458260526
7.0458260526
7.0890753053
7.1349828515
7.1628053475
7.2106717943
7.2633813834
7.3493385595
7.3493385595
7.3493385595
7.3493385595
7.3720217032
7.3891261619
7.4138064416
7.4332435081
7.4412052915
7.4630507229
7.4694770008
7.4718275355
7.4934432372
7.5467141607
7.5502924983
7.5886736516
7.5998841922
7.6007479136
7.6555609995
7.6555609995
7.6555609995
7.6619673267
7.7090963911
7.7424150141
7.9047778301
7.9617834395
7.9617834395
8.1659317328
8.1774150743
8.2680058795
8.3808246731
8.4744900899
8.5304822566
8.5687355403
8.6365108496
8.6660950514
8.7334929454
8.8804507594
8.9082891631
9.910291218
9.1281593574
9.1866731994
9.1993096137
9.6282032292
9.6344270192
9.8436595252
10.84157745
10.184616379
10.425660156
10.474168436
10.698497243
10.846944567
10.972970766
11.126340402
11.200781702
11.636452719
12.17684526
14.091652105
18.515775441
21.873031427
0.07655561
0.7655561
0.551200392
0.1534801627
0.2123142251
0.2211606511
0.4246284501
0.4246284501
0.5250970117
0.5541041106
0.6617586235
0.7293236738
0.7799298063
0.7852717913
0.8165931733
0.9295483203
1.42620393
1.0328800138
1.486839076
1.858782126
1.887237556
1.0927938054
1.995434446
1.1857975335
1.1921386968
1.2962342161
1.4361728865
1.5696087352
1.5833092067
1.6116970525
1.6147842469
1.6331863466
1.6359828985
1.6472655392
1.6703042181
1.7122114924
1.7296474546
1.7515923567
1.7777506882
1.7975804567
1.8063296178
1.8115548213
1.8387490622
1.8423961678
1.9231360965
1.9658158823
1.9730210813
2.0029643873
2.0061186619
2.516896767
2.0679956986
2.1362886422
2.1615701646
2.2058620785
2.2427558984
2.2500692329
2.2579449331
2.2707006369
2.3189660503
2.3221868365
2.3302780799
2.3530366343
2.3828757021
2.3885350318
2.4430677951
2.4454049136
2.4497795198
2.4497795198
2.4497795198
2.4497795198
2.4497795198
2.4497795198
2.4581835662
2.4804017638
2.4811139091
2.4880573248
2.5186661144
2.5297811458
2.5325752491
2.5660999863
2.5849946232
2.5922085617
2.6028907398
2.6211632723
2.6407241922
2.6429156646
2.6444832302
2.6539278132
2.7560019598
2.7560019598
2.7560019598
2.7613121755
2.7613121755
2.7793862189
2.7811709275
2.7936082244
2.8034448731
2.8201186031
2.8251489624
2.8266686767
2.8466711739
2.8999440912
2.9010546946
2.9047966114
2.9236712958
2.9239908577
2.9430716994
2.9488086813
2.9625240705
2.9711611669
2.9785089126
2.9936305732
2.9973772949
3.0009799118
3.060385226
3.81860117
3.0170968823
3.256353145
3.0293615038
3.330754134
3.0534164677
3.595644134
3.0622243998
3.0622243998
3.0622243998
3.0622243998
3.810768142
3.0819806863
3.821656051
3.1070374398
3.1131118043
3.1154804763
3.1222680155
3.1428092524
3.1531815602
3.1563066162
3.1847133758
3.1980385364
3.2094010764
3.2250262033
3.2459578638
3.2587764776
3.2938447178
3.3036445807
3.3174097665
3.3291528099
3.3352773235
3.3406084361
3.3616418967
3.3649801707
3.3684468398
3.3684468398
3.3684468398
3.3684468398
3.3684468398
3.3684468398
3.3700670643
3.3736403724
3.3760212464
3.3924120742
3.4286769263
3.4351964503
3.4501061571
3.4616449737
3.4634552551
3.4920102805
3.5125515174
3.5240680798
3.5451354833
3.5521803038
3.5583389674
3.5923014217
3.5985461873
3.6053358971
3.6421699174
3.6559209671
3.6746692798
3.6746692798
3.6746692798
3.6746692798
3.6746692798
3.6746692798
3.6746692798
3.6746692798
3.6746692798
3.6746692798
3.7052915238
3.7288588471
3.7349518125
3.7359137678
3.7454626395
3.7467216186
3.7671768776
3.7913254474
3.7988628737
3.8176374852
3.8277804998
3.8277804998
3.8370040672
3.8572003061
3.8680729261
3.8743471725
3.8956738542
3.8996490316
3.9156311997
3.9196472317
3.9277040606
3.9472503813
3.9479917882
3.9602653378
3.9709093713
3.9808917197
3.9808917197
3.9808917197
4.0059287746
4.0087301234
4.112255435
4.0180587633
4.0185657739
4.220026558
4.0300385311
4.0420289181
4.631508372
4.0693559802
4.0693559802
4.0734705969
4.0829658664
4.0829658664
4.0884833878
4.0946314832
4.0969726104
4.1010393572
4.1030049627
4.1141335448
4.1340029397
4.1340029397
4.1340029397
4.1596256337
4.1596256337
4.1646251837
4.2111912407
4.2255275238
4.2392191358
4.2462845011
4.2540190812
4.2685163571
4.2704850689
4.2747830548
4.2788855337
4.2843677701
4.2871141597
4.2871141597
4.2871141597
4.2871141597
4.2871141597
4.2874352919
4.3074221051
4.3378615788
4.3456127935
4.3595187544
4.3649249339
4.3883845729
4.3927081045
4.3987753809
4.4232130219
4.4323330488
4.4402253797
4.4585987261
4.4585987261
4.4605327626
4.4613441687
4.4855117969
4.5001384658
4.5122710022
4.5127517471
4.5495905369
4.5495905369
4.5495905369
4.5627143557
4.5933365997
4.5933365997
4.5933365997
4.5933365997
4.5933365997
4.5933365997
4.5933365997
4.5933365997
4.5933365997
4.5933365997
4.5964935321
4.6001415428
4.6044048807
4.6161699106
4.6350288568
4.6436086828
4.6545810877
4.6545810877
4.6646780667
4.6768518106
4.6768518106
4.7131064758
4.7180938901
4.7315741583
4.7360245179
4.7464478197
4.7464478197
4.7464478197
4.7629784116
4.7651571708
4.7668133378
4.7691215278
4.7770700637
4.7770700637
4.7770700637
4.7770700637
4.7775478185
4.7890426704
4.7926461637
4.7938485336
4.8107452807
4.8131688299
4.8144292014
4.8149014321
4.8211491416
4.8344795078
4.8580373529
4.8593242502
4.8621578256
4.8995590397
4.8995590397
4.8995590397
4.8995590397
4.8995590397
4.8995590397
4.8995590397
4.9261870779
4.9465625755
4.9761146497
4.9761146497
4.9914257717
5.0045495905
5.118289354
5.0270249136
5.397819281
5.0674753838
5.766559199
5.861435661
5.0880036181
5.0955414013
5.1075591876
5.1196337956
5.1242371292
5.1328713749
5.1537484425
5.1574305681
5.2002694757
5.2025656081
5.2057814797
5.2057814797
5.2057814797
5.2057814797
5.2057814797
5.2057814797
5.2057814797
5.2057814797
5.2057814797
5.2182493248
5.2423265445
5.2684319856
5.2877119617
5.3078556263
5.3078556263
5.3282704557
5.3588926997
5.3588926997
5.3609062612
5.3750436722
5.3841308128
5.3895149437
5.4207887248
5.4439544885
5.4595086442
5.4626301472
5.4765164593
5.5120039196
5.5120039196
5.5120039196
5.5120039196
5.5363282791
5.5386319579
5.5386319579
5.5547326322
5.5608358277
5.5872164488
5.5872164488
5.5885595296
5.5941504644
5.5975028473
5.6061305193
5.6200824279
5.6267020774
5.6651151396
5.6653096901
5.6816482761
5.6869881711
5.6962353063
5.7105205359
5.7291140094
5.7382222987
5.7413645272
5.7449731485
5.7562599327
5.7758025959
5.7876041156
5.8021093891
5.8107051067
5.8115207588
5.8182263596
5.8182263596
5.8197807883
5.8268054903
5.8466660247
5.8657976596
5.8704394024
5.8903453313
5.8976173626
5.9184938842
5.9316169305
5.9713375796
5.9740830222
5.9806823959
5.9883499374
6.0088931619
6.244536031
6.0306274563
6.384750152
6.0495647095
6.0537660911
6.0966805179
6.0983873154
6.1110612721
6.1143123402
6.1244487996
6.1244487996
6.1244487996
6.1244487996
6.1244487996
6.1244487996
6.1244487996
6.1372080679
6.1392065076
6.1426222382
6.2191310837
6.2257554715
6.2775600196
6.2856185049
6.2988793034
6.3030785563
6.3137174797
6.3141776967
6.3262929361
6.3422456986
6.3553038541
6.3694267516
6.3838192063
6.3893045881
6.4078739956
6.4106379959
6.4306712396
6.4306712396
6.4306712396
6.4306712396
6.4306712396
6.4306712396
6.4337643955
6.4380998163
6.4729946663
6.4994150526
6.4994150526
6.5089032498
6.5118739952
6.5837824596
6.5841265297
6.5867908496
6.5870870183
6.6079579154
6.6097824781
6.6348195329
6.6438464983
6.7270210273
6.7368936796
6.7368936796
6.7368936796
6.7368936796
6.8243858053
6.8243858053
6.8900048996
6.9205039152
6.9563705137
6.9596009086
6.9611221329
6.9874556125
7.0147871714
7.0186520679
7.0251030348
7.279344859
7.279344859
7.0431161195
7.0431161195
7.0431161195
7.621536284
7.0771408351
7.1147852012
7.1432823382
7.1764129464
7.2599848992
7.2640521177
7.2758801541
7.2967179971
7.3162334309
7.3175232411
7.3187163155
7.3493385595
7.3493385595
7.3493385595
7.3493385595
7.3493385595
7.3493385595
7.3493385595
7.3493385595
7.3588926997
7.3984225896
7.4189345686
7.4235743026
7.4371955398
7.4504762461
7.4703153259
7.6052856735
7.6128606593
7.6555609995
7.6555609995
7.6555609995
7.6555609995
7.6555609995
7.6555609995
7.6740081344
7.6846912084
7.7205172747
7.7307026536
7.7351672126
7.8392944635
7.9216736992
7.9617834395
7.9617834395
7.9617834395
7.9617834395
7.9617834395
7.9617834395
7.9617834395
7.9795950356
7.9950963409
8.062918665
8.0239465948
8.1188444178
8.1469411939
8.1659317328
8.2232974032
8.2424531814
8.2680058795
8.2921747783
8.3243993189
8.3292503675
8.3510261854
8.4076433121
8.4335342623
8.5304822566
8.5379396962
8.5742283195
8.5742283195
8.5805748985
8.5936710141
8.6596857446
8.6752048946
8.7729840163
8.8119274465
8.8804507594
8.8804507594
8.8804507594
8.9046262152
8.9082891631
9.45285949
9.0133397428
9.1866731994
9.1866731994
9.1866731994
9.1947105338
9.2007477699
9.2993630573
9.3539080335
9.3755580689
9.3805990451
9.4054035137
9.4580814873
9.4783136184
9.4928956394
9.5601151994
9.6460068594
9.7991180794
9.8369525121
9.9079971691
9.9146737171
9.9263793531
9.9522292994
9.9714050784
10.105340519
10.105340519
10.105340519
10.166585007
10.176007236
10.183676492
10.393004024
10.411562959
10.411562959
10.411562959
10.432681748
10.441683199
10.564674179
10.565399825
10.593641167
10.702017848
10.707113441
10.734988907
10.781212319
10.795638562
11.071436231
11.231422505
11.263354114
11.268985791
11.306674707
11.330230279
11.595623061
11.651390399
11.722871322
11.795234725
11.811436971
11.980795873
12.35858922
12.095786379
12.151529574
12.248897599
12.327922745
13.381920627
13.469397073
14.623683868
15.311121999
15.923566879
18.373346399
18.473419092
22.11606511
24.880573248
39.808917197
0.91121985
0.1028907398
0.2813351039
0.3184713376
0.3382370661
0.4152168678
0.4258112592
0.4747398821
0.5197900048
0.6687062206
0.6757069139
0.6798238733
0.6824385805
0.6898296121
0.7625370055
0.8319522925
0.9312027415
1.0070239923
1.070491891
1.0158575361
1.0261854211
1.0424593701
1.707621113
1.0919017288
1.1342814763
1.1362041425
1.1708505058
1.1961364792
1.2132241432
1.2156505914
1.2208649305
1.2248897599
1.2550594584
1.3054079864
1.3339113616
1.3456535391
1.3551971812
1.3673188018
1.3965454899
1.4329641367
1.4519969798
1.4928343949
1.5329546935
1.5589506035
1.5923566879
1.5923566879
1.6193457843
1.6331863466
1.6634305382
1.6939964765
1.7249894352
1.7292561317
1.7402805332
1.7416401274
1.7860773894
1.8219184072
1.9035068453
1.9200974615
1.9337918031
1.9598236159
1.9610304038
1.9780828421
1.9819297555
1.9904458599
1.9935607986
2.0080159999
2.87054786
2.113079965
2.148204638
2.211606511
2.359046945
2.365304364
2.370754374
2.0414829332
2.441729861
2.465584549
2.526731791
2.562413061
2.564181462
2.578715284
2.769315979
2.915582668
2.1021210401
2.1149175711
2.1373915274
2.1435570799
2.1435570799
2.1435570799
2.1638797429
2.1755157785
2.1963540523
2.2037420765
2.2292993631
2.2419664736
2.2456312265
2.2480329712
2.2747952684
2.2781854253
2.2798842959
2.2845863528
2.2966682999
2.2966682999
2.3161551824
2.3189660503
2.3331233522
2.3382623905
2.3437284584
2.3810941127
2.3810941127
2.3873413612
2.3945213352
2.4035572648
2.4115017148
2.4497795198
2.4497795198
2.4560771536
2.4566932908
2.5022747953
2.5077992981
2.5150747292
2.5294578834
2.5332947307
2.5376202198
2.5477707006
2.5683172385
2.5697342412
2.5735057582
2.5802075961
2.5875796178
2.6154650912
2.6265677326
2.6329406054
2.6539278132
2.6580810648
2.6650321136
2.6670013492
2.6710499281
2.6807351648
2.6832904188
2.6951029979
2.7014275422
2.7186577598
2.7322228697
2.7408197434
2.7522214359
2.7560019598
2.7560019598
2.7560019598
2.7560019598
2.7746776749
2.7773663161
2.7890079713
2.7997480227
2.8070390332
2.8100412139
2.8172464478
2.8204103697
2.8221056189
2.8266686767
2.8351910828
2.8576690311
2.8626637086
2.8662420382
2.8708353748
2.8784909358
2.9034423939
2.9091131798
2.9091131798
2.9117379436
2.9200810322
2.9200810322
2.9217553906
2.9292202741
2.9488086813
2.9488086813
2.9675738274
2.9856687898
2.9856687898
2.9856687898
2.9941749687
3.8781215
3.0013005636
3.15466891
3.0115492915
3.334778404
3.0350959689
3.387992953
3.0421142694
3.434494817
3.0504291651
3.0510340489
3.0622243998
3.0622243998
3.0622243998
3.0622243998
3.0622243998
3.0622243998
3.0622243998
3.0622243998
3.0622243998
3.0622243998
3.0622243998
3.0622243998
3.0622243998
3.0696032538
3.0707474896
3.768891569
3.821656051
3.821656051
3.843502877
3.0896473049
3.928280816
3.976910828
3.1070374398
3.1070374398
3.1100716561
3.1120977614
3.1154804763
3.1222680155
3.1222680155
3.1429922399
3.1531815602
3.1743397166
3.1756401183
3.1790365249
3.1800022613
3.1847133758
3.1847133758
3.2143846184
3.2153356198
3.2153356198
3.2235513438
3.2344745223
3.2364973331
3.2497075263
3.2527248964
3.2587764776
3.2587764776
3.2663726931
3.2678961879
3.2801680001
3.2812198417
3.2832096658
3.2899931568
3.3011713656
3.3075658206
3.3113227761
3.3121019108
3.3188502396
3.3328395793
3.3458078267
3.3463256964
3.3523298693
3.3523298693
3.3544069014
3.3641338477
3.3665046256
3.3684468398
3.3684468398
3.3684468398
3.3684468398
3.3684468398
3.3684468398
3.3684468398
3.3760212464
3.3777263077
3.3790062343
3.3843925354
3.3868201862
3.4066626062
3.4198264438
3.4507052379
3.4616449737
3.4702176457
3.4909358158
3.4996850283
3.5031847134
3.5092098468
3.5102051236
3.5262163064
3.5336625529
3.5385704176
3.5385704176
3.5454214735
3.5484271597
3.5498397501
3.5739561217
3.5783296357
3.5783296357
3.5840825773
3.5850431998
3.6087403692
3.6121512769
3.6428749569
3.6557416234
3.6746692798
3.6746692798
3.6746692798
3.6746692798
3.6746692798
3.6746692798
3.6746692798
3.6746692798
3.6746692798
3.6746692798
3.6746692798
3.6860108516
3.6941119744
3.7031550881
3.7031550881
3.7103456805
3.7111463594
3.7273753796
3.7284449278
3.7467216186
3.7659204286
3.7665360118
3.7705169035
3.7784734967
3.7913254474
3.7945521073
3.8277804998
3.8277804998
3.8277804998
3.8277804998
3.8277804998
3.8346814635
3.8496535312
3.8512812917
3.8770423705
3.8837967998
3.8947576562
3.8964682412
3.8996490316
3.9028350194
3.9057805552
3.9129584139
3.9156311997
3.9196472317
3.9196472317
3.9196472317
3.9317449084
3.9347810048
3.9374638101
3.9439174932
3.9439174932
3.9502694757
3.9512572901
3.9676661659
3.9705517413
3.9808917197
3.9808917197
3.9808917197
3.9808917197
3.9808917197
3.9808917197
3.9808917197
3.9808917197
3.9808917197
3.9808917197
3.9808917197
3.9808917197
3.9808917197
3.9851788339
3.9925281725
4.0041299741
4.0059287746
4.069921247
4.0087301234
4.0143445913
4.0146689828
4.0167556091
4.0227958431
4.0256208402
4.281637471
4.303666724
4.303666724
4.0312827542
4.382633086
4.385411563
4.491262453
4.491262453
4.556988245
4.0589484201
4.590577839
4.593064402
4.0621344079
4.649216607
4.0727584517
4.0783344424
4.0829658664
4.0829658664
4.0829658664
4.838652919
4.0867082732
4.0873326748
4.0882629884
4.0904575469
4.0943318394
4.948500251
4.0996895417
4.1033806957
4.1040120822
4.1082473888
4.1093075817
4.1159462046
4.1226063117
4.1315200551
4.1340029397
4.1340029397
4.1449631789
4.1449631789
4.1513954619
4.1539739684
4.1571268721
4.1588421783
4.1618413434
4.1646251837
4.1690793283
4.1704579921
4.1739362723
4.2019792599
4.2091449865
4.2099461049
4.2194335602
4.2314373525
4.2389124794
4.2441080354
4.2462845011
4.2690527826
4.2819675641
4.2862898732
4.2871141597
4.2871141597
4.2871141597
4.2871141597
4.2871141597
4.2871141597
4.2871141597
4.2871141597
4.3051584629
4.3126326964
4.3162052915
4.3203476028
4.3329433684
4.3695275868
4.3711752217
4.3866575424
4.3871051605
4.3940855608
4.3967510941
4.4053672057
4.4096031357
4.4096031357
4.4096031357
4.4096031357
4.4113344287
4.4293649177
4.4402253797
4.4479237092
4.4541445815
4.4541445815
4.4585987261
4.4708476237
4.4795968363
4.4960659423
4.5062611032
4.5066698714
4.5116772824
4.5150366847
4.5267665041
4.5333998232
4.5495905369
4.5495905369
4.5495905369
4.5495905369
4.5495905369
4.5495905369
4.5593459089
4.5924179324
4.5933365997
4.5933365997
4.5933365997
4.5933365997
4.5933365997
4.5933365997
4.5933365997
4.5933365997
4.5933365997
4.5933365997
4.5933365997
4.5933365997
4.5933365997
4.5933365997
4.5933365997
4.5933365997
4.5933365997
4.5987089232
4.6044048807
4.6083707763
4.6545810877
4.6584903103
4.6584903103
4.6605561597
4.6834020232
4.6834020232
4.6954107464
4.6976249361
4.7022613602
4.7035766781
4.7120759132
4.7120759132
4.7127232653
4.7230918709
4.7264965506
4.7278219187
4.7356332726
4.7426855931
4.7444519565
4.7464478197
4.7464478197
4.7491339815
4.7574718275
4.7634601775
4.7782646299
4.7784754977
4.8042520159
4.8124557679
4.8131688299
4.8253232967
4.8253232967
4.8348046337
4.8410409621
4.8621578256
4.8737038469
4.8745612895
4.8859415882
4.8932855966
4.8995590397
4.8995590397
4.8995590397
4.8995590397
4.8995590397
4.8995590397
4.8995590397
4.8995590397
4.8995590397
4.8995590397
4.8995590397
4.8995590397
4.8995590397
4.8995590397
4.8995590397
4.8995590397
4.9128972222
4.9146811355
4.9330412199
4.9488233445
4.9495545401
4.9608035277
4.9712599037
4.9761146497
4.9761146497
4.9806363752
4.9852787651
4.9865906805
4.9914982399
4.9927016985
5.09216538
5.0065363113
5.083341382
5.092407612
5.103707333
5.116005423
5.237084218
5.245410266
5.0246057901
5.247725439
5.0271718639
5.397819281
5.0480305257
5.516059846
5.0516143202
5.0526702597
5.0526702597
5.0593272692
5.601254681
5.639596603
5.790387956
5.790387956
5.824426814
5.854252529
5.869263433
5.955155093
5.1110293691
5.1113311567
5.1208114096
5.1295555665
5.1309918907
5.1328713749
5.1345640883
5.1366344771
5.1366344771
5.1408830832
5.1412413242
5.1518684968
5.1644000689
5.1681752151
5.1717567641
5.1751592357
5.1753277034
5.1886714008
5.1924674605
5.1935965033
5.2037800258
5.2057814797
5.2057814797
5.2057814797
5.2057814797
5.2057814797
5.2057814797
5.2057814797
5.2057814797
5.2406675804
5.2470206048
5.2531354652
5.2727042646
5.2764481966
5.2902215545
5.3109505859
5.3201708366
5.3323722805
5.3453669735
5.3588926997
5.3588926997
5.3588926997
5.3588926997
5.3674944536
5.3674944536
5.3725249076
5.3737099145
5.3744943977
5.3895149437
5.3973274524
5.4075133238
5.4082564263
5.4140127389
5.4140127389
5.4140127389
5.4284887087
5.4373155197
5.4630560832
5.4797699786
5.4830072467
5.4861556861
5.4987856848
5.5107716362
5.5120039196
5.5120039196
5.5120039196
5.5120039196
5.5120039196
5.5120039196
5.5120039196
5.5120039196
5.5120039196
5.5120039196
5.5120039196
5.5120039196
5.5120039196
5.5120039196
5.5120039196
5.5271885034
5.5363394778
5.5409263373
5.5455208036
5.5547326322
5.5676807269
5.5732484076
5.5732484076
5.5953968535
5.5996360328
5.6036012477
5.6051867939
5.6242178822
5.6344928956
5.6491589815
5.6533373535
5.6533373535
5.6617126681
5.6617126681
5.6651151396
5.6785379658
5.6927971477
5.6962353063
5.6969622734
5.7096454945
5.7109839017
5.7222235377
5.7253274172
5.7263596276
5.7324840764
5.7382222987
5.7511753965
5.7555061008
5.8087997887
5.8168280836
5.8175870643
5.8182263596
5.8182263596
5.8182263596
5.8182263596
5.8182263596
5.8182263596
5.8182263596
5.8182263596
5.8182263596
5.8182263596
5.8182263596
5.8301389031
5.8460647633
5.8494735474
5.8505117926
5.8578418929
5.8593211459
5.8644338378
5.8734467996
5.8794708476
5.8941695247
5.8976173626
5.9021715073
5.9470638496
5.9620219204
5.9710801547
5.9713375796
5.9713375796
5.9713375796
5.9713375796
5.9883499374
5.9916897868
6.0048467692
6.050955414
6.175344496
6.250372046
6.0251334137
6.0251334137
6.0268480219
6.324781237
6.0325820676
6.361474908
6.0387341663
6.451247451
6.0504053772
6.0661207158
6.0792793291
6.808697562
6.0868241995
6.873482106
6.915377616
6.1024447919
6.1030132288
6.1048818705
6.1069503745
6.1197413063
6.1244487996
6.1244487996
6.1244487996
6.1244487996
6.1244487996
6.1244487996
6.1244487996
6.1244487996
6.1244487996
6.1244487996
6.1244487996
6.1244487996
6.1309990122
6.1433514194
6.1703821656
6.1712956798
6.2309609526
6.2399189988
6.2556869882
6.2556869882
6.2605476618
6.2650099196
6.2704201181
6.2738255996
6.2953636498
6.3030785563
6.3088616795
6.3220116641
6.3455414013
6.3694267516
6.3694267516
6.3796341663
6.3805955861
6.4050101413
6.4207930964
6.4245873501
6.4278618594
6.4306712396
6.4306712396
6.4306712396
6.4306712396
6.4306712396
6.4306712396
6.4306712396
6.4306712396
6.4306712396
6.4306712396
6.4500524067
6.4861779548
6.4994150526
6.5010264779
6.5109695683
6.5260519996
6.5327453862
6.5486530455
6.5639130646
6.5664193315
6.5739496289
6.5837824596
6.5919034945
6.5981630714
6.6136220264
6.6144047036
6.6148150519
6.6160240102
6.6230764895
6.6400396899
6.6450269476
6.6494015539
6.6494015539
6.6546249644
6.6656791586
6.6668718012
6.6776248202
6.7177547771
6.7209860203
6.7254816632
6.7368936796
6.7368936796
6.7368936796
6.7368936796
6.7368936796
6.7368936796
6.7368936796
6.7368936796
6.7368936796
6.7368936796
6.7368936796
6.7572331774
6.7691276206
6.7759859059
6.7803575098
6.7924085572
6.8025477707
6.8043109748
6.8287604116
6.8488459695
6.8488459695
6.8593826556
6.8593826556
6.8648929375
6.8858667585
6.8900048996
6.9107704357
6.9107704357
6.9213620774
6.9715118674
7.0041806203
7.0063694268
7.0122129375
7.0147871714
7.0147871714
7.0219867712
7.232505774
7.237984945
7.259273136
7.279344859
7.0431161195
7.0431161195
7.0431161195
7.0431161195
7.0431161195
7.0431161195
7.0431161195
7.0431161195
7.0431161195
7.0431161195
7.0431161195
7.593266606
7.621536284
7.0640592439
7.0836998164
7.891325179
7.0914670311
7.944758956
7.1202941329
7.1237009722
7.1266313305
7.1299553189
7.1513024906
7.1560454928
7.1671631745
7.1812164356
7.1912882679
7.2132396973
7.2243025538
7.2255911352
7.2831283022
7.2956581318
7.2983014862
7.3493385595
7.3493385595
7.3493385595
7.3493385595
7.3493385595
7.3493385595
7.3493385595
7.3493385595
7.3493385595
7.3616490094
7.3737874569
7.3738363547
7.3807459893
7.3961922662
7.4271562443
7.4387465712
7.4535844965
7.4641719745
7.4641719745
7.4751218601
7.5024497795
7.5073888511
7.5081651296
7.5126571942
7.5161162878
7.5163689813
7.5191252589
7.5456271436
7.5564133484
7.5569469934
7.5636942675
7.5659710644
7.5661684472
7.5687886445
7.6072100879
7.6249387555
7.6402498775
7.6555609995
7.6555609995
7.6555609995
7.6555609995
7.6555609995
7.6555609995
7.6555609995
7.6555609995
7.6555609995
7.6555609995
7.6555609995
7.6555609995
7.6629607191
7.6644554272
7.6963906582
7.7168054875
7.7248869077
7.7257197796
7.7285931295
7.8086722195
7.8115611104
7.8143430054
7.8340542934
7.8392944635
7.8392944635
7.8473430204
7.8937340084
7.9123313684
7.9141080896
7.9268122092
7.9617834395
7.9617834395
7.9617834395
7.9617834395
7.9617834395
7.9617834395
7.9617834395
7.9617834395
7.9617834395
7.9617834395
8.2325924
8.358071303
8.0394370932
8.0440521547
8.0492755652
8.605666168
8.685581934
8.0713228206
8.0830288726
8.0842724155
8.0978823017
8.1065431384
8.1148946595
8.1242688158
8.1413725396
8.1570315347
8.1659317328
8.1659317328
8.2009786501
8.2046853071
8.2566643076
8.2680058795
8.2680058795
8.2680058795
8.2680058795
8.2680058795
8.2680058795
8.2680058795
8.2839365266
8.2935244161
8.3079479369
8.3204223332
8.3343014593
8.3369460099
8.3442271855
8.3598726115
8.3698117629
8.4211170995
8.4211170995
8.4628747049
8.4925690021
8.5304822566
8.5742283195
8.5742283195
8.5742283195
8.5742283195
8.5742283195
8.5742283195
8.5742283195
8.5742283195
8.6395404956
8.6763024661
8.7172811381
8.7273395394
8.8071085948
8.8192062714
8.8532572609
8.8804507594
8.8804507594
8.8804507594
8.9082891631
8.9171974522
8.9214233896
8.9303302909
8.9530094902
8.9825249061
9.164642808
9.0346478746
9.0474811812
9.0641842234
9.749122579
9.1101856388
9.1866731994
9.1866731994
9.1866731994
9.1866731994
9.1866731994
9.1866731994
9.1866731994
9.1866731994
9.2310532632
9.2547226305
9.3120274146
9.3302149682
9.3927030438
9.4222289225
9.4773409849
9.5066070919
9.5066070919
9.5137068732
9.5466817822
9.5678084251
9.5694512494
9.5925101681
9.5983722576
9.6096961834
9.6379483741
9.6832501291
9.6926059263
9.7292669322
9.7494603864
9.7644513881
9.7991180794
9.7991180794
9.7991180794
9.7991180794
9.8207020399
9.8896829415
9.9029956562
9.9522292994
9.9604204346
9.9700329296
10.044096031
10.044974089
10.068145448
10.96849924
10.100770035
10.105340519
10.110201193
10.148102603
10.166585007
10.198499893
10.207414666
10.294023033
10.411562959
10.411562959
10.494250026
10.499055085
10.564674179
10.615711253
10.717785399
10.717785399
10.717785399
10.748407643
10.770968456
10.924692453
11.005994755
11.008885743
11.15418936
11.022862012
11.024007839
11.45580351
11.082335923
11.163177425
11.198992091
11.207202495
11.222323324
11.548960594
11.636452719
11.636452719
11.636452719
11.758941695
11.769592911
11.785314427
11.889596603
11.903909922
11.942675159
12.065433935
12.169229973
12.248897599
12.248897599
12.283894449
12.312036247
12.356393698
12.384996461
12.489072062
12.535891451
12.786804018
12.853238294
12.926880861
13.087863188
13.159972627
13.167564919
13.167564919
13.178124314
13.473787359
13.480268257
13.525809704
13.771733517
13.859400802
14.392454679
15.311121999
15.311121999
15.311121999
15.923566879
15.923566879
16.229789319
16.472655392
16.780989711
16.854050941
17.233469821
17.692852088
18.939639628
20.614742184
27.454425653
28.30856334
32.497400234
0.428711416
0.5941629432
1.185377187
1.0686957637
1.1905470564
1.4861995754
1.6379755552
1.6543965589
1.7498425142
2.585693664
2.1231422505
2.1435570799
2.1826696033
2.2768281507
2.3161551824
2.3891985138
2.4146942192
2.4497795198
2.5605735685
2.7173322319
2.7186577598
2.7375759677
2.7560019598
2.8365868125
2.9890654551
2.9903411979
2.9985152513
3.116157902
3.0547250747
3.0622243998
3.0622243998
3.651263743
3.694563081
3.821656051
3.1483858468
3.1847133758
3.1919678482
3.2386915686
3.2764540903
3.2920013231
3.3116603561
3.3289686855
3.3641338477
3.3684468398
3.3684468398
3.4491480604
3.5107076584
3.5265974017
3.5385704176
3.5521803038
3.5713791194
3.6396724295
3.6676161717
3.6746692798
3.7309200747
3.7436630703
3.7555582262
3.7809382544
3.7913254474
3.8996490316
3.9352151157
3.9808917197
3.9808917197
4.32211101
4.241819428
4.342790967
4.0429136911
4.693261817
4.1521686777
4.1571449409
4.1721135927
4.1904123366
4.2062252133
4.2747830548
4.2871141597
4.2914577404
4.2951310899
4.3240720404
4.3823577084
4.4096031357
4.4096031357
4.4317494412
4.4402253797
4.4437861058
4.4855117969
4.4897275035
4.5083711435
4.5495905369
4.6267022409
4.6384438443
4.6809435445
4.7046902142
4.7245747883
4.7842464333
4.8045244893
4.8085103235
4.8172135096
4.8770495801
4.8995590397
4.8995590397
4.8995590397
4.8995590397
4.8995590397
4.8995590397
4.8995590397
4.8995590397
4.9358765258
4.9425376278
4.9740959419
5.124826122
5.0526702597
5.0551005965
5.639596603
5.0726044074
5.0745432911
5.925048141
5.1049659538
5.1122724748
5.1297396657
5.1848808873
5.2057814797
5.2057814797
5.2495275425
5.2608834526
5.2768155349
5.2789036865
5.2980985388
5.3343949045
5.3391207478
5.3588926997
5.4268658422
5.4346644638
5.4836124351
5.4867721081
5.5201698514
5.5479093984
5.5640969324
5.5732484076
5.5732484076
5.6600356205
5.6617126681
5.6651151396
5.6729184329
5.6971616741
5.7039642552
5.8078903881
5.8182263596
5.8182263596
5.8519878279
5.8877054006
5.9061957151
5.9395187293
5.9429338517
5.9713375796
5.9713375796
5.9843470297
6.0155697098
6.833101496
6.0884226302
6.984020561
6.1056621468
6.1175285185
6.1182562326
6.1223052425
6.1244487996
6.1244487996
6.1244487996
6.1244487996
6.1244487996
6.1556006246
6.1739193069
6.1845448551
6.1863972472
6.2101910828
6.2752972922
6.2775600196
6.2775600196
6.2782902798
6.2784349409
6.2856185049
6.3152956461
6.3482658654
6.4148653814
6.4306712396
6.4306712396
6.4467882101
6.4773831372
6.6348195329
6.6348195329
6.6348195329
6.6905743189
6.7341956845
6.7368936796
6.7368936796
6.7368936796
6.8243858053
6.8593826556
6.9801937004
7.0063694268
7.0117979155
7.0171650653
7.0431161195
7.0431161195
7.0431161195
7.621536284
7.0929028414
7.1025981762
7.1451902662
7.1615858382
7.1812164356
7.1962273395
7.1962273395
7.3065743285
7.3065743285
7.3091782395
7.3493385595
7.3493385595
7.3493385595
7.3493385595
7.3519091571
7.3528735949
7.4063101763
7.4358013661
7.4641719745
7.4832849318
7.5024497795
7.5826508948
7.6203074003
7.6471356697
7.6555609995
7.6555609995
7.6555609995
7.6555609995
7.6555609995
7.6555609995
7.6555609995
7.6555609995
7.6963906582
7.7100274414
7.8392944635
7.8739050351
7.9355261837
7.9617834395
7.9617834395
7.9617834395
7.9617834395
7.9795950356
7.9895248452
7.9940173805
8.0098424945
8.450317415
8.685581934
8.800847268
8.2104658176
8.2333703073
8.3319301627
8.3685898926
8.3960625362
8.5742283195
8.5742283195
8.5742283195
8.6329420435
8.7296711824
8.7352138308
8.7961214279
8.8158155731
8.8192062714
8.9327326394
8.9419598025
8.9623180881
9.0239812301
9.624133828
9.0641842234
9.0723661982
9.0991810737
9.1866731994
9.1866731994
9.1866731994
9.2162123415
9.4472371803
9.4783136184
9.5823234316
9.5903300521
9.6630192172
9.7531847134
9.7640675804
9.7991180794
9.7991180794
9.7991180794
9.7991180794
9.7991180794
9.7991180794
9.7991180794
9.9105112511
9.9334160115
10.047012436
10.050838544
10.110201193
10.227234889
10.317978539
10.384934921
10.411562959
10.436794771
10.555394711
10.717785399
10.899087528
10.942348522
10.973544216
10.978937464
10.991488642
11.024007839
11.072174449
11.092493885
11.146496815
11.186207853
11.373976342
11.636452719
11.636452719
12.243291696
12.248897599
12.248897599
12.744686312
12.827317764
12.861342479
12.950775281
13.167564919
13.609886221
13.780009799
13.780009799
14.345555747
14.698677119
15.311121999
15.923566879
16.003584803
17.31868301
18.462291147
18.702175865
20.845396642
30.862170858
0.734933856
0.6144141561
0.7511116452
0.7729886834
0.9621490561
1.2237382772
1.2489072062
1.3846579895
1.5596049832
1.8624054829
2.0489883852
2.895193978
2.0940581101
2.1435570799
2.2568834947
2.3246083035
2.3945213352
2.4181574607
2.4419527482
2.4497795198
2.4674038329
2.5225452482
2.5477707006
2.6613203697
2.7639749645
2.7793862189
2.7981630204
2.8847041447
2.9193205945
2.9332886356
2.9973772949
3.0330603579
3.595644134
3.0755319901
3.1649325474
3.1847133758
3.3093661681
3.3684468398
3.3862775135
3.5828025478
3.5985461873
3.6053358971
3.6307807216
3.6746692798
3.6746692798
3.7733570803
3.9371456569
3.9808917197
3.9808917197
3.9996400324
4.376821276
4.753303546
4.1218216512
4.2871141597
4.4541445815
4.4626556858
4.4657439164
4.4855117969
4.5933365997
4.5933365997
4.5933365997
4.5933365997
4.6044048807
4.6155266316
4.7770700637
4.8510485541
4.8658722319
4.9248144987
4.9307146543
4.9340629766
4.9481497078
4.9487291045
4.9902916145
5.0179307392
5.0685093514
5.790387956
5.0862935947
5.1087252083
5.1366344771
5.1445369917
5.1760605696
5.1844171234
5.1844171234
5.1858359568
5.3078556263
5.3106215751
5.3895149437
5.4109207841
5.4190149065
5.4532763284
5.4622227922
5.5028172464
5.5120039196
5.5290162774
5.6140780663
5.6311238472
5.7124903602
5.7569818716
5.7842016441
5.8182263596
5.8362421582
5.8674350834
5.9158762399
5.9713375796
5.9713375796
6.195187114
6.304210778
6.498828198
6.0776972821
6.1244487996
6.1244487996
6.1244487996
6.1281699837
6.1621542891
6.1856932876
6.2554875147
6.2814859483
6.3694267516
6.4143270409
6.4306712396
6.5225379716
6.5327453862
6.6302906459
6.6589461494
6.7341956845
6.7368936796
6.7368936796
6.7368936796
6.7472741013
6.8403591715
6.9908342396
7.0410329737
7.0431161195
7.0431161195
7.446842222
7.1009595674
7.1130654079
7.1349828515
7.1451902662
7.1463085564
7.1700863995
7.1962273395
7.2517192618
7.2517192618
7.2544723822
7.2624375968
7.2741748697
7.2852920361
7.3493385595
7.3817859704
7.4126949264
7.4854374217
7.5026651258
7.6555609995
7.6555609995
7.6555609995
7.6555609995
7.6555609995
7.7241182622
7.7604509847
7.7748871146
7.8392944635
7.8937340084
7.9617834395
8.0152182277
8.0820520715
8.0967289215
8.1065431384
8.1731582211
8.2680058795
8.2719827943
8.2796633725
8.3151785269
8.4211170995
8.4256983801
8.5209722429
8.5742283195
8.6481440808
8.7035645053
8.7160576601
8.7579617834
8.7652661719
8.7894573389
8.8464260439
8.8804507594
8.9171974522
8.9350675874
8.9570063694
9.0335619794
9.0335619794
9.1866731994
9.1866731994
9.2119808391
9.2310532632
9.2741653251
9.2758642013
9.3178656763
9.3276123977
9.6708573715
9.7378735914
9.7991180794
9.7991180794
9.8036885636
9.8344211296
9.8598726115
10.3948213
10.17074132
10.071315804
10.105340519
10.105340519
10.105340519
10.264990736
10.291712884
10.311001022
10.419403648
10.464058235
10.564674179
10.615711253
10.615711253
10.634977516
10.795638562
10.795638562
10.810639946
10.887908977
11.024007839
11.024007839
11.091041607
11.330230279
11.330230279
11.330230279
11.352636799
11.452719255
11.557427573
11.636452719
11.636452719
11.660950514
11.715960067
11.777786153
11.996229756
12.003919647
12.132241432
12.248897599
12.283894449
12.310142087
12.552361278
12.861342479
13.081822636
13.221963716
13.609886221
13.800424628
13.846579895
13.998740113
14.290380532
14.297568853
14.382576536
14.698677119
15.127388535
15.311121999
16.65645071
16.971826768
20.99811017
20.414829332
22.123968204
25.076734039
0.8912444149
2.4126616483
2.6818638954
2.9125701065
3.0219907946
3.2168821978
3.2663726931
3.2685216225
3.5276825086
3.5884094375
3.8901222017
3.9196472317
3.9808917197
4.444599986
4.1878493932
4.2462845011
4.4089975042
4.4136348214
4.4855117969
4.7770700637
4.8995590397
4.9631896766
5.010365193
5.0906418422
5.2086433716
5.2380154207
5.2432642565
5.2588758998
5.4354483097
5.5120039196
5.6712395884
5.6869881711
5.8182263596
5.8182263596
5.9028226736
5.9416294325
6.87701603
6.0661207158
6.0938265556
6.1244487996
6.1244487996
6.1244487996
6.1351746294
6.2556869882
6.2729202857
6.4306712396
6.4555000861
6.5550457686
6.7082260469
6.7254816632
6.8243858053
6.9160150368
6.9205039152
7.111342906
7.0147871714
7.0194928264
7.0415773133
7.1043606075
7.1432823382
7.2019750696
7.2497540262
7.2758451739
7.4173205482
7.4309978769
7.5513822313
7.6993070624
7.7025625833
7.7351672126
7.7361458521
7.8283457282
7.8358501338
7.8723251986
7.9617834395
7.9617834395
7.9617834395
7.9617834395
8.0223293212
8.2067613915
8.2680058795
8.2680058795
8.2680058795
8.3598726115
8.4925690021
8.5495661095
8.5742283195
8.5742283195
8.6984494628
8.7119818791
8.7579617834
8.9458240893
8.9825249061
9.0165496216
9.0641842234
9.786358811
9.969781732
9.1866731994
9.3525759897
9.6641629051
9.7206054965
9.7338418226
9.7991180794
10.313190984
10.411562959
10.411562959
10.411562959
10.557060914
11.18476047
11.266674679
11.745042237
12.086732141
12.119961835
12.204889584
12.248897599
12.395985811
12.397910952
12.555120039
12.669745799
12.948834605
13.491889178
13.780009799
14.102051849
14.147476727
14.336330309
14.618356479
14.649095565
15.004899559
15.311121999
15.716767309
15.938603297
16.331863466
16.798488136
21.435570799
22.11606511
22.911836136
wage
